0.70  487.3281095000 .9294270114 0 569     1386.7197877501 11.2598012779 0 569     290.3844755000 1.0738200574 437935 569     350.8308410000 .9310173993 438063 569     93.6151542500 6.8616931135 437935 569     93.9018362501 6.7035900360 437935 569     91.8255312500 .9662746461 437935 569     70.7826767500 .2440420469 437935 569      
0.71  471.0916137500 4.2297142354 0 558     1361.6697997500 11.1604615848 0 558     289.6848375000 .9368713108 440709 558     349.3705060000 1.3587500365 440709 558     86.7424375000 .8506898896 440709 558     85.2645665000 1.1001245761 440709 558     87.6684935000 1.1964786657 440709 558     75.9532660000 11.3744286801 440709 558      
0.72  496.0617370000 .8424373598 0 537     1338.1299440000 2.7492087446 0 537     289.4621197500 .1611147451 442193 537     351.3502730000 1.7208945114 442193 537     86.9782297500 1.1621607426 442193 537     86.8533495000 1.4261079515 442193 537     90.6636220000 3.9975083676 442193 537     71.1881602500 .6595064861 442193 537      
0.73  474.7716215001 10.4094974505 0 568     1331.4250490000 10.7153106821 0 568     290.3147505001 .4322381525 445831 568     349.0066375000 1.3145825600 445952 568     86.7933502501 1.8019705265 445831 568     84.9362754999 .9751666341 445831 568     89.6447257500 2.4573438814 445831 568     70.5879094999 .5340460334 445831 568      
0.74  465.4176255000 .9857041670 0 561     1343.6992492500 16.4849464335 0 561     290.3320085001 .5841046580 448261 561     354.5921937500 10.6940645501 448261 561     87.3425637500 .6837965524 448261 561     87.7329350001 4.5400312208 448261 561     90.2642977501 4.5654206607 448261 561     74.7992440001 5.1524515267 448261 561      
0.75  507.8353345000 2.2077772635 0 540     1347.8882752501 10.3526246552 0 540     289.2064362500 1.8156119721 449922 540     355.3454587501 9.8619588844 449922 540     88.4652632501 1.8339659964 449922 540     88.1021175001 1.1951210572 449922 540     94.9213105000 10.4106605113 449922 540     71.1300487500 .7933257616 449922 540      
0.76  449.9948730000 .4621899025 0 565     1322.6056822501 8.6123166157 0 565     291.6669462500 .6129848454 452939 565     351.6542512500 .5713210811 453003 565     89.8542120000 1.1435620831 452939 565     89.4727365000 .7476192894 452939 565     95.6137410000 11.6982299247 452939 565     72.7218929999 .8690905975 452939 565      
0.77  469.5541382500 .6736523116 0 566     1344.0891722499 2.6114264896 0 566     292.2650527500 .8025315319 455802 566     350.8213805000 1.1187857874 455802 566     88.5597497500 .5840190605 455802 566     87.0934105000 .5393174273 455802 566     89.8880692500 .4123525518 455802 566     72.3907987500 .7671420681 455802 566      
0.78  499.0134810000 1.8348491748 0 547     1360.7893675000 17.7447032262 0 547     291.1116792501 1.2516471902 457673 547     351.5555267501 .6715666296 457673 547     89.9939367500 4.8363385493 457673 547     87.2599757501 .7561947149 457673 547     95.4488982500 10.6344713825 457673 547     73.0610217500 .8044477198 457673 547      
0.79  455.4432832501 9.2028801957 0 560     1356.0318300000 9.7635205031 0 560     290.8738477501 1.6437485895 460495 560     351.7357482500 1.4648697199 460636 560     90.0604630000 1.5481031194 460495 560     88.9062597500 .4045538420 460495 560     91.3714867501 .8726886812 460495 560     73.6128197500 .4153802533 460495 560      
0.80  476.8618162499 3.5657395424 0 553     1342.8358155000 11.9352075827 0 553     292.8191990001 1.7895895376 463422 553     356.6669387501 10.6308337166 463422 553     90.8869575001 .7345523257 463422 553     89.9178865000 1.1952757323 463422 553     98.3240260000 9.2210912499 463422 553     76.4081172500 4.1586900937 463422 553      
0.81  454.6878507500 .2287574663 0 551     1339.7054445000 9.8057721363 0 551     297.5682144999 9.0538735118 465465 551     351.7668912499 1.6658703052 465546 551     91.0350512499 1.1197885842 465465 551     90.4173637500 .5576378129 465465 551     94.0377177500 5.6831634741 465465 551     73.0720902500 .5595272511 465465 551      
0.82  453.7933352500 1.2559170473 0 551     1347.7548830000 10.4678257513 0 551     297.2371065001 9.7224744564 468007 551     353.6740875000 1.5531028399 468092 551     91.9408455000 2.9036842636 468007 551     93.2934055000 7.1397388764 468007 551     94.6419945000 6.1798523347 468007 551     74.6831190000 1.1676281454 468007 551      
0.83  479.3758315000 9.7283516215 0 563     1340.2881467500 17.7724218605 0 563     295.6844562501 .8957418592 471086 563     354.8031387501 .5204332607 471086 563     94.5383110000 7.0207488781 471086 563     90.3442992500 .5668763369 471086 563     92.1153087500 .9784430707 471086 563     76.7889825001 3.9968234197 471086 563      
0.84  520.1330412500 11.0395010421 0 543     1332.5096742500 7.4948103950 0 543     293.8903122500 1.8012515376 472770 543     352.2443312500 .4740426338 472770 543     96.8484785000 9.0400156434 472770 543     90.3385182500 1.4589733526 472770 543     95.9096657500 4.5475550297 472770 543     77.8746872500 3.4765461906 472770 543      
0.85  457.6172257500 .9213665714 0 548     1338.2348937500 9.4624699104 0 548     293.8069000000 .8784090494 475688 548     358.2986755000 10.5922681116 475738 548     92.2524604999 .4956184576 475688 548     90.9427890000 .4888328919 475688 548     95.7512492500 1.4179199761 475688 548     79.9810945000 7.6526662104 475688 548      
0.86  486.9788667499 1.8130078264 0 562     1330.2641295000 10.8456880753 0 562     293.4751662500 .6333741732 478743 562     353.6252825001 1.2974644089 478743 562     91.4869307500 .7718601682 478743 562     90.6024057500 1.9892309792 478743 562     102.1841637499 10.8136269045 478743 562     75.9756110000 .7462163141 478743 562      
0.87  502.2992782500 .6440843689 0 553     1331.5299987501 10.4167277994 0 553     298.0484620000 9.7380541379 480395 553     354.9562380001 1.6873746797 480395 553     92.8693637499 2.7666929112 480395 553     95.9299527499 6.0839575895 480395 553     91.8789900000 .4385276601 480395 553     78.1979845000 2.4762982778 480395 553      
0.88  462.9267502500 2.2096478032 0 556     1341.2779845000 3.5435329665 0 556     296.4128722501 4.0997088622 483328 556     354.5151520000 .9837995872 483352 556     91.5029640000 1.9539710360 483328 556     95.0871085000 10.2125719709 483328 556     99.6290107500 8.2160216977 483328 556     82.8892649999 4.8887930853 483328 556      
0.89  495.0050887500 9.1775353290 0 563     1351.6247255000 8.1541959311 0 563     296.3838957500 1.4037626240 486665 563     354.7629167500 .5738629751 486665 563     98.1931762501 7.0910471108 486665 563     92.2332842500 .6147992395 486665 563     96.5516967500 1.8145154002 486665 563     76.5705202500 1.3876793606 486665 563      
0.90  518.9010925001 9.7563636774 0 547     1347.3979492500 8.7718355330 0 547     296.2057647500 .5496762879 488281 547     355.2345657501 1.6813116605 488281 547     96.0110017500 3.8266556523 488281 547     94.0527152499 1.9552141688 488281 547     106.5616342500 11.0606859035 488281 547     80.4914742500 5.2546937169 488281 547      
0.91  468.0923615001 .8413648217 0 558     1332.3274535001 8.6536696021 0 558     299.2713777500 2.3417799538 490936 558     355.8170700001 1.4012297460 491031 558     93.2026787500 1.1215678515 490936 558     93.1487482499 1.1081308176 490936 558     95.8789407499 1.0273734115 490936 558     77.3264390000 1.1512589926 490936 558      
0.92  486.8154907500 .8363616317 0 570     1329.5587765001 8.9555871215 0 570     298.8058242500 3.7414048848 494388 570     356.0763470000 1.6733416496 494404 570     93.4411470000 1.3467197637 494388 570     94.0452422500 3.7380144014 494388 570     94.4690324999 .7093674060 494388 570     82.6931439999 11.6581444841 494388 570      
0.93  523.2783964999 .5260894382 0 553     1334.2910460000 6.9627282631 0 553     297.9667967500 1.5141793932 496060 553     356.3606492499 1.8238073532 496060 553     98.2300815000 8.6662064016 496060 553     92.4029980000 2.1093105898 496060 553     94.8998890000 .7339802860 496060 553     86.5114460000 19.1636083487 496060 553      
0.94  466.3349152499 .5353762067 0 567     1345.6518555000 10.7992904747 0 567     297.4627912500 1.4820614964 498712 567     363.0233462500 12.0342135073 498787 567     94.5265332501 .6791038450 498712 567     93.7307510000 1.8433794734 498712 567     99.5637780000 1.9946743704 498712 567     83.6273820000 9.5986843541 498712 567      
0.95  496.2238465000 .8827359481 0 572     1337.5609132501 11.0900540227 0 572     297.9145737500 1.2735466830 502094 572     361.9232257501 10.4706598943 502044 572     94.4829959999 .8126650176 502094 572     93.3070142499 1.0408433212 502094 572     99.4153637500 6.0079883890 502094 572     87.9290465000 17.5380703133 502094 572      
0.96  515.1829832499 .9810909647 0 563     1330.3106385001 11.3184623961 0 563     302.6501237501 9.3581847263 503946 563     359.2886810000 1.7064037799 503946 563     95.8621082500 2.5033749910 503946 563     93.5829295001 .8197844946 503946 563     96.6852837500 1.4093412060 503946 563     78.1794757501 .7769246439 503946 563      
0.97  467.5393597500 2.3609940909 0 568     1345.1313172501 6.1097803463 0 568     298.8464127500 .8671052451 506536 568     358.1600342500 .6449228456 506585 568     96.3580130000 1.3095034575 506536 568     96.3535577500 5.3923725819 506536 568     101.4234750000 9.8208535472 506536 568     78.5995312500 1.0167262146 506536 568      
0.98  506.9661787500 11.2515416371 0 575     1328.7492672500 8.0807878841 0 575     299.4163742500 .5094863218 509840 575     363.2702867500 10.1942607282 509749 575     97.4646795001 1.5402017416 509840 575     94.7956960001 .7166876080 509840 575     98.3918210000 1.7976937851 509840 575     80.3906880000 .7314282272 509840 575      
0.99  523.7633057500 1.0780386135 0 565     1339.7235410001 13.9453690320 0 565     298.3253555000 .7576249318 511919 565     358.5357285000 .3663262019 511919 565     96.7704907500 .4435916906 511919 565     97.2022610000 2.1907545067 511919 565     104.1701070000 7.5706835493 511919 565     80.7135197500 3.2570254204 511919 565      
1.00  473.9602662500 .9623683634 0 573     1332.2870482501 8.1426785435 0 573     306.3257065000 10.6082092526 514335 573     360.1439287499 .9543775765 514390 573     97.8078955000 1.0918107050 514335 573     96.3288077499 .8630506908 514335 573     98.9614505000 .5715338792 514335 573     84.3997765000 8.2680946959 514335 573      
 
