33554432   
67108864   
100663296   
134217728   
167772160   
201326592   
234881024   
268435456   
301989888   
335544320   
369098752   
402653184   
436207616   
469762048   
503316480   
536870912   
570425344   
603979776   
637534208   
671088640   
704643072   
738197504   
771751936   
805306368   
838860800   
872415232   
905969664   
939524096   
973078528   
1006632960   
1040187392   
1073741824   
 
33554432   
67108864   
100663296   
134217728   
167772160   
201326592   
234881024   
268435456   
301989888   
335544320   
369098752   
402653184   
436207616   
469762048   
503316480   
536870912   
570425344   
603979776   
637534208   
671088640   
704643072   
738197504   
771751936   
805306368   
838860800   
872415232   
905969664   
939524096   
973078528   
1006632960   
1040187392   
1073741824   
 
