33554432  552.3362182001 4.7259996320 1.4944923058 143 0     740.6269409000 3.6788030288 1.1633396634 135 0     93.9969549000 .7831183038 .2476437517 143 0     92.5653497000 .2195478553 .0694271278 143 0     98.4426613000 3.3341491544 1.0543505386 143 0     52.2813173000 1.0798668852 .3414838927 143 0      
67108864  1113.9173707000 4.3291093523 1.3689845793 125 0     1542.2022583000 7.8256097666 2.4746750942 151 0     182.8473693999 1.8254472127 .5772570940 125 0     189.8467254998 23.1080629262 7.3074111162 125 0     239.1784898002 3.3313022272 1.0534502612 125 0     138.4038193001 2.2906553971 .7243688389 125 0      
100663296  1820.9897339000 4.6097949284 1.4577451520 219 0     2386.3567137001 4.4341388546 1.4021978242 150 0     358.7995025001 2.5630472069 .8105066924 219 0     350.5874908000 1.3522029211 .4276041089 219 0     353.5688477000 3.9007272154 1.2335182531 219 0     195.9622162000 2.4103302269 .7622133430 219 0      
134217728  2285.4045166001 8.5624251860 2.7076765883 257 0     3059.3081787000 6.1570660573 1.9470352445 145 0     457.7530578002 33.3929691660 10.5597840402 257 0     436.7536743999 2.2574278983 .7138613812 257 0     436.5261566001 4.6015107747 1.4551254726 257 0     217.9869491001 26.0960490924 8.2522953065 257 0      
167772160  2958.6781494001 6.7922878089 2.1479099999 155 0     3927.6916504001 12.2884476840 3.8859483590 135 0     564.0462280003 1.8059478994 .5710908697 155 0     553.1056151999 1.4846808338 .4694973033 155 0     551.3746276000 4.4598530604 1.4103293700 155 0     297.1313202000 4.2262319696 1.3364518944 155 0      
201326592  3736.4966065000 8.5849205884 2.7147902591 191 0     4980.6494628000 12.1611783896 3.8457022743 144 0     709.2584901000 3.8293658183 1.2109517980 191 0     695.9692565001 3.5608854208 1.1260508416 191 0     686.0991638001 3.8188099066 1.2076137256 191 0     289.9644441000 11.2548934057 3.5591097985 191 0      
234881024  4779.5056151998 59.6964993599 18.8776906320 191 0     6214.4719725000 19.3190039198 6.1092054513 122 0     864.0541684999 7.8881418072 2.4944494617 191 0     848.0185424999 9.5212085275 3.0108705024 191 0     839.8129211998 6.8759058949 2.1743523605 191 0     361.6185820999 3.5915164415 1.1357372209 191 0      
268435456  5104.6639649001 12.9387386019 4.0915884032 255 0     6754.9283690000 18.2059152774 5.7572159165 139 0     966.8068361002 23.0116454884 7.2769212453 255 0     931.3234924999 27.4512241384 8.6808392839 255 0     920.4534120001 3.7417323080 1.1832396488 255 0     407.0353636000 2.5311210681 .8004107609 255 0      
301989888  6121.8360839999 19.3270760235 6.1117580746 289 0     7980.3178220999 79.6794422565 25.1968520227 152 0     1102.2554810999 3.3544254519 1.0607624669 289 0     1084.8650024998 1.0565484774 .3341099647 289 0     1070.8073608002 5.5546488910 1.7565342098 289 0     457.3948150001 2.8291265164 .8946483580 289 0      
335544320  6479.4349608001 43.2994562239 13.6924903117 322 0     8471.3672852001 24.8032759802 7.8434845532 172 0     1196.9156005997 4.2194409762 1.3343043937 322 0     1182.0129273001 2.1764407498 .6882509961 322 0     1157.3493164001 2.3160201823 .7323898883 322 0     509.0040404999 12.3658222403 3.9104163420 322 0      
369098752  7760.0610839001 23.4576141495 7.4179489187 352 0     9920.5327148001 43.3801375023 13.7180039721 188 0     1290.4097899000 5.2262059428 1.6526714300 352 0     1276.0876098998 4.8107543482 1.5212941004 352 0     1248.6056153001 3.9787110241 1.2581788988 352 0     557.3916013000 3.5759159422 1.1308039098 352 0      
402653184  8228.2488770003 58.3649901783 18.4566304580 285 0     10642.3038085001 27.1584844904 8.5882668789 186 0     1418.6530516999 3.7001987427 1.1701055822 285 0     1398.9336059000 2.6577703061 .8404607665 285 0     1374.0863524000 4.3216869266 1.3666374022 285 0     589.4519652002 22.3224069769 7.0589648905 285 0      
436207616  10691.7102539000 64.9885112698 20.5511717360 145 0     12939.4620116000 38.0872356918 12.0442414568 164 0     1640.8458984998 16.3045972544 5.1559663656 145 0     1623.4325440000 4.7758519234 1.5102569845 145 0     1317.3880373002 170.8201880586 54.0180864615 145 0     554.0229797999 2.3295794103 .7366776926 145 0      
469762048  10124.5989257003 34.7967494955 11.0036983578 155 0     12820.8875000001 37.2784599676 11.7884841163 175 0     1302.5301146999 2.9806305458 .9425581388 155 0     1272.7496947999 3.0690037093 .9705041869 155 0     1242.7505005000 4.3428146383 1.3733185713 155 0     598.2177796999 4.6892354633 1.4828664549 155 0      
503316480  11544.8254884001 49.2441556905 15.5723693437 156 0     14150.8911133000 34.5337511531 10.9205309795 186 0     1368.0963257999 4.7910011156 1.5150475798 156 0     1338.2881102998 4.0174216038 1.2704202589 156 0     1305.5379030002 7.2043875762 2.2782273887 156 0     638.4241333002 1.9642627596 .6211544243 156 0      
536870912  11549.3073242000 8.6976742836 2.7504461083 163 0     14562.7513672999 7.5737692986 2.3950361456 211 0     1711.3937011998 158.5281119132 50.1309906822 163 0     1800.6299562000 6.3419105570 2.0054882077 163 0     1814.5427733998 22.8136382886 7.2143058708 163 0     763.8997680002 2.1070160829 .6662969888 163 0      
570425344  13475.0142578001 63.2237266148 19.9930978270 202 0     16748.3285155998 155.6392031498 49.2174375177 252 0     2084.6879637000 3.5345617165 1.1177265554 202 0     2027.9635986000 17.2819254079 5.4650246643 202 0     1992.9440919000 4.9824615329 1.5755926798 202 0     854.7248962001 3.7423705051 1.1834414644 202 0      
603979776  13638.5874023001 11.3445742566 3.5874693736 206 0     16782.9574219002 23.1454403698 7.3192309017 258 0     2132.4463380000 21.4829338159 6.7935001682 206 0     2100.1823487000 6.2185501904 1.9664782346 206 0     2035.5295533001 6.6801415133 2.1124462274 206 0     865.3038207000 5.3498145479 1.6917599031 206 0      
637534208  11764.7613282000 20.9076655920 6.6115843829 776 0     15135.7192382002 436.8104468358 138.1315917786 311 0     1823.7109618000 3.1722918273 1.0031667577 776 0     1786.8683104999 2.1155488844 .6689952976 776 0     1750.3370484000 3.4432204408 1.0888419079 776 0     745.8459596001 5.5406122017 1.7520954189 776 0      
671088640  10703.5652344001 12.4174727445 3.9267496656 781 0     14838.1204102000 19.4746654526 6.1584299501 325 0     1917.9998168000 4.0869031947 1.2923922672 781 0     1877.0796998000 4.5762182697 1.4471272802 781 0     1839.9063476001 8.4419072424 2.6695654682 781 0     805.5374389000 4.4933829678 1.4209324577 781 0      
704643072  11904.7235350999 14.5162016166 4.5904260083 815 0     16039.6727540000 20.6234050956 6.5216933211 340 0     2020.5044676001 4.5906076966 1.4516776165 815 0     1978.6860351000 3.8333913440 1.2122247810 815 0     1929.5640625998 4.6678042581 1.4760893127 815 0     885.6891053000 4.9648774031 1.5700320897 815 0      
738197504  11745.7440429000 12.1378830508 3.8383356414 849 0     16341.3521485001 51.3445447241 16.2365706756 353 0     2290.9687498002 66.7843406956 21.1190628635 849 0     2207.2851561998 128.0724830536 40.5000752051 849 0     2277.5918699999 60.5253078659 19.1397828943 849 0     1014.3451720001 46.0367317482 14.5580928357 849 0      
771751936  13309.0696288998 244.3546199347 77.2717155795 888 0     17769.3306641999 212.5541172835 67.2155136676 362 0     2439.1636473997 115.8484985703 36.6345119000 888 0     2525.8098877000 98.3391283153 31.0975628598 888 0     2472.5981444999 103.7825868134 32.8189355801 888 0     1079.8904113998 45.5573735939 14.4065064775 888 0      
805306368  13048.8100587000 200.6413176582 63.4483556550 925 0     17971.2251951001 146.1863805519 46.2281925450 374 0     2704.3765135001 105.8239583678 33.4644739464 925 0     2658.6876710000 130.7868973577 41.3584483765 925 0     2607.4060057999 123.3292411795 39.0001304235 925 0     1125.3704100000 44.8938238913 14.1966736374 925 0      
838860800  14708.0212890998 307.5714502133 97.2626325936 929 0     19199.4771484999 124.5046005758 39.3718116997 336 0     2838.6893554000 102.5622617607 32.4330349149 929 0     2819.7609129999 102.9438518366 32.5537042921 929 0     2764.5288573999 24.8043457173 7.8438228338 929 0     1187.1542359000 64.6400777400 20.4409873793 929 0      
872415232  14134.5983399000 263.6958938442 83.3879634199 974 0     19626.1767578000 137.8867379312 43.6036151002 347 0     2908.0521973000 16.3249583809 5.1624051192 974 0     2972.6785888001 144.7954243915 45.7883335857 974 0     2847.7189697000 128.8595168958 40.7489571588 974 0     1217.4660765998 85.9880847343 27.1918199401 974 0      
905969664  15729.5751953001 297.0561085367 93.9373895862 1003 0     21065.7250000998 296.8747772725 93.8800476056 358 0     3068.4843260000 135.7635813479 42.9322140370 1003 0     3069.5690430998 106.2387576246 33.5956449887 1003 0     2839.3172120001 123.8311383559 39.1588442464 1003 0     1275.9149293000 67.7357514457 21.4199253596 1003 0      
939524096  15436.5977538998 240.5289733766 76.0619399148 1040 0     21049.1943357000 180.0234864299 56.9284249455 377 0     3145.6190673000 117.2023955969 37.0626517322 1040 0     3227.2379392999 27.5789837676 8.7212404260 1040 0     3081.0743408998 136.8916328157 43.2889352326 1040 0     1316.3693846001 45.7360217327 14.4629999793 1040 0      
973078528  20408.8308593001 355.0438319785 112.2747178270 184 0     25760.5273435999 288.8066364602 91.3286774606 278 0     3296.7499999999 164.1850258831 51.9198639495 184 0     3205.6683838999 211.0885541497 66.7520619119 184 0     2923.0303222002 254.9138984982 80.6108526504 184 0     1304.9312256000 78.2266719510 24.7374457145 184 0      
1006632960  19811.4029296999 284.1592666581 89.8590500902 115 0     25687.2220704000 166.4041556187 52.6216143883 249 0     3044.1921875998 44.3375200931 14.0207549300 115 0     3312.9418702997 262.8196959519 83.1108853178 115 0     3203.6507567999 218.9134780742 69.2265201238 115 0     1395.8160887998 112.4370479948 35.5557165056 115 0      
1040187392  21810.5146485999 316.9420945854 100.2258905296 122 0     27421.0060546999 338.7651818123 107.1269566511 260 0     3464.9718750000 241.2182601770 76.2799115398 122 0     3366.3319336000 290.1112771841 91.7412410822 122 0     3296.7353516000 328.5507448802 103.8968680788 122 0     1483.8718016000 84.1326867426 26.6050915781 122 0      
1073741824  20875.0111327999 141.5787206051 44.7711225334 128 0     27416.0162107999 170.7630762141 54.0000261105 265 0     3644.9818116001 177.1452457473 56.0182453243 128 0     3031.4032961000 82.2638955925 26.0141279276 128 0     2902.3905518001 42.4972946884 13.4388245613 128 0     1420.4037841000 125.9389189903 39.8253830077 128 0      
 
