33554432  6343.5058103998 39.1576331804 12.3827308634 0 68259     5916.5830568002 21.4856459969 6.7943578351 0 68259     7580.9834960998 26.3328546926 8.3271798124 33549904 68260     7862.7893067000 40.2801751461 12.7377098014 33549904 68260     6833.8102050000 61.0576663409 19.3081294256 33549912 68260     6880.9521486002 140.9568539711 44.5744710370 33549904 68260     6735.8191896001 70.0533615987 22.1528180408 33549904 68260     6773.8735839999 31.3642671682 9.9182521395 33549904 68260      
67108864  13019.5491209998 36.0915203240 11.4131408444 0 71659     11887.9564453002 42.1362457594 13.3246508651 0 71659     15302.8905273998 138.8763803388 43.9165675079 67099722 71660     15934.2183595003 118.4246471688 37.4491616163 67099722 71660     13687.3291991997 63.3870828676 20.0447556099 67099743 71660     13694.0159179000 42.4133386553 13.4122753325 67099722 71660     13737.6858398998 43.3776269013 13.7172100504 67099722 71660     14063.5029297002 60.1834414589 19.0316752441 67099722 71660      
100663296  19599.8277344001 56.1466790440 17.7551388837 0 73084     18206.1433594000 68.2136690304 21.5710561697 0 73084     23537.4281251001 55.4123969945 17.5229385115 100649589 73085     24140.8798828000 119.4405610462 37.7704217922 100649589 73085     20849.0988280999 94.0559318986 29.7430972255 100649583 73085     20859.3808594002 73.7885771468 23.3339969091 100649589 73085     20722.6058593001 44.2627079221 13.9970972443 100649589 73085     21057.1935547000 47.6515712917 15.0687499370 100649589 73085      
134217728  26249.5341796999 43.5942546957 13.7857137738 0 74098     24331.9101561999 58.6759814080 18.5549745198 0 74098     31019.0632812999 95.2211877953 30.1115834946 134199559 74099     31978.1986329001 106.7886433599 33.7695341264 134199559 74099     27653.0273436999 100.8439134863 31.8896454788 134199564 74099     27674.1101562000 69.8209427488 22.0793207471 134199559 74099     27796.6710938001 119.6979564943 37.8518173797 134199559 74099     28336.8474608001 99.8372804543 31.5713201639 134199559 74099      
167772160  33563.5566406002 114.4853730912 36.2034537750 0 74639     30548.1074217999 88.5222843401 27.9932042201 0 74639     40271.2269531002 179.7472327330 56.8410658560 167749431 74640     41240.3273438001 202.9769723492 64.1869545202 167749431 74640     35696.2121091998 193.8340562629 61.2957105913 167749442 74640     35858.4687499000 113.8395300961 35.9992202874 167749431 74640     35935.9429687999 215.2054562008 68.0539406504 167749431 74640     36486.1011720001 99.9865814163 31.6185332736 167749431 74640      
201326592  39974.2597655000 102.0267703775 32.2636976710 0 75099     36886.4156250000 84.6626630871 26.7726848136 0 75099     47636.4312501002 248.3916844910 78.5483474854 201299358 75100     48894.8988280000 147.8173382192 46.7439466446 201299358 75100     42520.3624999000 69.7421419003 22.0544017308 201299347 75100     42481.1300782003 256.4215618094 81.0876176512 201299358 75100     42119.6894530999 66.1599317730 20.9216074248 201299358 75100     43277.0820313001 168.2917717114 53.2185310084 201299358 75100      
234881024  46423.2343752000 136.8511905280 43.2761462583 0 75433     43064.4417969002 175.0483174724 55.3551383805 0 75433     55560.0964844999 143.8259588576 45.4817616657 234849338 75434     57017.0050779000 154.5474056666 48.8721808387 234849338 75434     49151.0988280999 95.1372398482 30.0850368228 234849343 75434     49083.4402346001 84.0191412918 26.5691853539 234849338 75434     49178.6019532000 57.0283024963 18.0339326985 234849338 75434     49955.7949218001 144.7338532958 45.7688630957 234849338 75434      
268435456  53833.9160156998 201.5736105594 63.7431725565 0 75722     49885.6406248000 90.2220987912 28.5307327467 0 75722     63476.3070311999 64.2677791626 20.3232562318 268399079 75723     65166.7347654998 152.3618677559 48.1810530676 268399079 75723     56335.4187501999 168.1843397728 53.1845580465 268399047 75722     56260.9503907000 285.7925264601 90.3755321887 268399079 75723     56495.3988278998 216.3011391539 68.4004260230 268399079 75723     57412.1691406998 160.0953647133 50.6265995340 268399079 75723      
301989888  61069.7457031002 309.7836923366 97.9622049781 0 75957     55970.7121095000 137.0974098573 43.3540076468 0 75957     73829.7109373000 527.1248501383 166.6915137747 301949011 75958     76178.3249999998 169.6790139712 53.6572155292 301949011 75958     65547.7367185998 356.5294064033 112.7444977086 301948957 75958     65555.0636719001 412.0720073982 130.3086103404 301949011 75958     65069.1414062002 193.7533366833 61.2701848189 301949011 75958     66753.6246095001 854.3491645436 270.1689277078 301949011 75958      
335544320  69135.7429688000 1035.8152983423 327.5535578079 0 76100     63288.6851564001 654.4397431149 206.9520179623 0 76100     83905.0499999999 1551.4737973239 490.6190929720 335498927 76101     84954.2734374002 1000.7179480693 316.4548011377 335498927 76101     72472.3078123999 304.8350461165 96.3973056391 335498799 76101     72861.7585936999 472.4001961084 149.3860586845 335498927 76101     72910.6054686999 667.9677645052 211.2299539453 335498927 76101     74816.8968752001 569.6958393610 180.1536425941 335498927 76101      
369098752  74354.1789064002 585.1729096335 185.0479219509 0 76257     68321.4351563001 546.7577556033 172.8999836105 0 76257     91436.5609373002 1264.6842744035 399.9282828198 369048816 76258     92145.1484374000 217.9498127099 68.9217823785 369048816 76258     79288.4765625000 149.2447673361 47.1953393654 369048800 76258     79407.1874999000 632.0181921275 199.8617009828 369048816 76258     80035.4812501000 644.6008789674 203.8406959327 369048816 76258     82560.8515625001 1469.8275190062 464.8002727754 369048816 76258      
402653184  82226.2328125001 1455.1416288818 460.1561865493 0 76398     74393.1335935000 252.3839911476 79.8108257007 0 76398     99940.9523439002 999.9639221691 316.2163572118 402598744 76399     103589.4757811999 1788.5823884398 565.5994130456 402598744 76399     86594.5593750002 1016.5866907031 321.4729381704 402598687 76399     86452.6335938001 473.5946280998 149.7637712448 402598744 76399     86240.9078124002 481.8732142839 152.3816900596 402598744 76399     90071.0914061998 3030.9463072790 958.4693796885 402598744 76399      
436207616  90106.3648438001 802.3269477582 253.7180583101 0 76575     81517.5640624000 122.3477107343 38.6897432436 0 76575     107343.3281250000 628.2276398879 198.6630231160 436148702 76576     110466.9187498000 1031.9743955034 326.3389576836 436148702 76576     93422.0460937999 708.0788308249 223.9141868404 436148688 76576     93427.2804688000 953.5564313424 301.5410200609 436148702 76576     93022.9390625000 465.7383470549 147.2793970407 436148702 76576     95295.8031249999 667.8076580228 211.1793238300 436148702 76576      
469762048  96378.7656251000 719.5733366521 227.5490687396 0 76657     88519.2000000002 341.5325506450 108.0020755148 0 76657     114750.8398437002 1750.9288883133 553.6923308176 469698585 76658     116880.5664061997 315.0905056724 99.6403667040 469698585 76658     99037.9695315002 209.5293652228 66.2590030807 469698525 76658     98941.1515626001 268.0986719497 84.7802441045 469698585 76658     99641.2015626001 363.6500095243 114.9962301263 469698585 76658     101502.8312502002 332.2743039418 105.0743608425 469698585 76658      
503316480  101230.0476563999 245.0853545049 77.5027941402 0 76731     95322.2554686001 320.9736899730 101.5007929325 0 76731     121250.1164062999 449.1510735366 142.0340405916 503248437 76732     123781.9632814001 466.8532191647 147.6319505574 503248437 76732     104256.7148438002 190.2647178360 60.1669866744 503248446 76731     104146.0195312003 93.3390608679 29.5164027010 503248437 76732     104107.8492186999 110.4915686315 34.9405019127 503248437 76732     106010.4671875000 71.8959376358 22.7354917447 503248437 76732      
536870912  108509.2171875000 94.4857371453 29.8790135785 0 76818     100310.0320312001 408.5578647748 129.1973408691 0 76818     127802.9421875999 146.0768105785 46.1935434771 536798404 76819     131262.8671875000 137.3736590589 43.4413653146 536798404 76819     115895.1624997999 2721.4888474204 860.6103384781 536798351 76818     118011.8875000000 486.7686552482 153.9297644194 536798404 76819     118081.2523438000 468.4537664146 148.1380880386 536798404 76819     119908.2671875002 1154.3762553483 365.0458243795 536798404 76819      
570425344  116717.6203126000 198.5640646372 62.7914705728 0 76910     106690.4531250001 151.8760997497 48.0274397362 0 76910     140413.9859375000 398.2930996129 125.9513371132 570348298 76911     143553.6781250001 135.7790997624 42.9371213905 570348298 76911     124110.0234373000 273.3777408528 86.4496322704 570348227 76911     123642.5953124001 207.9894386308 65.7720355347 570348298 76911     123646.6460936000 124.1180778334 39.2495824764 570348298 76911     125803.9968749998 270.8671658898 85.6557187584 570348298 76911      
603979776  123369.9453125999 552.4083444696 174.6868567044 0 76989     112533.0000000002 282.5593490515 89.3531117196 0 76989     148551.1984374998 239.3824432963 75.6993752688 603898243 76990     153677.6109374999 754.2507048254 238.5150154087 603898243 76990     131951.3375000001 469.8082349489 148.5664085974 603898009 76990     132128.3984375000 214.1527831014 67.7210561879 603898243 76990     132344.1765624999 248.3848568493 78.5461883955 603898243 76990     133075.7015624003 2845.4457693035 899.8089589683 603898243 76990      
637534208  129074.1117188999 228.6829514173 72.3158988543 0 77071     118737.8656250999 324.6285411530 102.6565583563 0 77071     158709.6515625000 385.4259198671 121.8823776071 637448176 77072     158785.1531250003 858.7795639471 271.5699430137 637448176 77072     135355.7453125001 254.4415914118 80.4614960356 637448112 77071     135490.5921874999 148.2707000421 46.8873122410 637448176 77072     135996.8718749999 1135.4963271654 359.0754668676 637448176 77072     142887.5562500001 2619.4807456547 828.3525443404 637448176 77072      
671088640  134907.8085937500 130.3553626393 65.1776813196 0 77136     124219.5839842500 663.8760272545 331.9380136272 0 77136     159744.0429687501 283.1456725848 141.5728362924 670998130 77137     164014.3906250000 246.7448146987 123.3724073493 670998130 77137     141488.6054687499 383.8008468823 191.9004234411 670997916 77137     141516.5546875000 310.8193191709 155.4096595854 670998130 77137     141368.3046875001 140.2908126915 70.1454063457 670998130 77137     144182.0546875000 274.1801511592 137.0900755796 670998130 77137      
704643072  141108.0312500000 254.8527809175 127.4263904587 0 77240     131308.0996092500 586.5062155473 293.2531077736 0 77240     168627.5117187500 96.6663355679 48.3331677839 704548026 77241     172959.8789062501 236.7749302060 118.3874651030 704548026 77241     147971.7187499999 632.2526596373 316.1263298186 704548026 77241     148371.3554687500 280.6346919073 140.3173459536 704548026 77241     148389.7734375000 259.8090728076 129.9045364038 704548026 77241     150734.5976562500 445.7440594105 222.8720297052 704548026 77241      
738197504  147764.1718750000 307.7455481861 153.8727740930 0 77273     136696.7382812500 39.2010903446 19.6005451723 0 77273     174551.3906250000 422.1529767065 211.0764883532 738097831 77274     179175.5273437500 529.8615732857 264.9307866428 738097831 77274     154966.5664062501 527.9210280690 263.9605140345 738097811 77274     154631.8242187500 159.8973921145 79.9486960572 738097831 77274     154673.1523437499 97.9952859588 48.9976429794 738097831 77274     157197.7695312500 93.6111240264 46.8055620132 738097831 77274      
771751936  155158.0898437501 187.9866741138 93.9933370569 0 77311     144339.2226562501 159.9194928758 79.9597464379 0 77311     184906.4023437499 298.4311807727 149.2155903863 771647734 77312     188790.2382812500 72.8317787592 36.4158893796 771647734 77312     161868.0273437499 226.3589784067 113.1794892033 771647687 77311     162043.8984375000 176.1495939347 88.0747969673 771647734 77312     162416.8789062500 162.1341471409 81.0670735704 771647734 77312     165491.4648437500 809.4859027919 404.7429513959 771647734 77312      
805306368  161061.5781250000 461.2134572951 230.6067286475 0 77362     150159.2539062500 254.1543417355 127.0771708677 0 77362     191538.8593749999 322.6037959280 161.3018979640 805197441 77363     196002.5664062500 395.6568074807 197.8284037403 805197441 77363     169667.6992187500 59.8347882418 29.9173941209 805197273 77363     169854.0859375000 213.8181503427 106.9090751713 805197441 77363     169635.1757812501 323.5671998340 161.7835999170 805197441 77363     171848.0507812500 168.6646694824 84.3323347412 805197441 77363      
838860800  168366.9531250001 175.6632451129 87.8316225564 0 77427     159429.3437500000 50.5480043987 25.2740021993 0 77427     201389.7617187500 191.9158044691 95.9579022345 838747392 77428     205487.8984375000 96.9560266823 48.4780133411 838747392 77428     176732.0937500001 704.5714233667 352.2857116833 838747272 77428     177015.9726562500 412.6485572091 206.3242786045 838747392 77428     177288.9960937500 412.1783093757 206.0891546878 838747392 77428     179714.1250000001 421.6540270051 210.8270135025 838747392 77428      
872415232  174772.3203125000 288.7143279000 144.3571639500 0 77460     164924.8281250000 881.6395131343 440.8197565671 0 77460     206851.2890625000 440.9073979618 220.4536989809 872297487 77461     211677.7421875001 323.6850553475 161.8425276737 872297487 77461     182461.7929687501 717.7433565976 358.8716782988 872297291 77460     182489.2968750001 380.2474418385 190.1237209192 872297487 77461     182795.3437500000 573.2813408512 286.6406704256 872297487 77461     184583.8164062500 137.0079912885 68.5039956442 872297487 77461      
905969664  181810.0585937501 501.8555825904 250.9277912952 0 77493     172340.1132812500 258.6608697431 129.3304348715 0 77493     216360.4960937500 478.9172751203 239.4586375601 905847376 77494     221797.1601562500 184.0967923872 92.0483961936 905847376 77494     190223.5351562500 476.9152134596 238.4576067298 905847317 77494     190517.8359375000 328.5771115170 164.2885557585 905847376 77494     190676.1601562500 185.5704195040 92.7852097520 905847376 77494     193060.1562500000 361.3545227969 180.6772613984 905847376 77494      
939524096  187709.5585937501 346.9987718778 173.4993859389 0 77551     176398.1171874999 780.0934022456 390.0467011228 0 77551     223220.1640624999 510.5277895884 255.2638947942 939397196 77552     229100.5312499999 206.0098285985 103.0049142992 939397196 77552     197013.6210937499 661.0786084070 330.5393042035 939397156 77551     197045.3515625000 197.1033251482 98.5516625741 939397196 77552     197452.1210937500 410.1090211647 205.0545105823 939397196 77552     203803.0156249999 715.7937496635 357.8968748317 939397196 77552      
973078528  205682.3281250000 694.5228310794 347.2614155397 0 77573     188584.6210937501 2103.3427899389 1051.6713949694 0 77573     235666.6367187500 439.1129147685 219.5564573842 972947130 77574     241386.8125000000 576.3462484018 288.1731242009 972947130 77574     206072.1445312500 719.7874450447 359.8937225223 972946948 77574     206218.9023437500 668.3370896434 334.1685448217 972947130 77574     206509.8164062499 1272.5937137653 636.2968568826 972947130 77574     211847.3320312499 255.0166579446 127.5083289723 972947130 77574      
1006632960  205903.2968750000 694.6320712114 347.3160356057 0 77616     194775.2343749999 458.0781711016 229.0390855508 0 77616     242836.6210937499 671.6642913751 335.8321456875 1006497014 77617     248048.1601562501 525.3669176613 262.6834588306 1006497014 77617     214380.6601562500 484.7559129558 242.3779564779 1006496916 77616     214320.3593750001 607.1323183773 303.5661591886 1006497014 77617     213900.5742187501 435.2271529936 217.6135764968 1006497014 77617     218176.0273437500 485.0295916886 242.5147958443 1006497014 77617      
1040187392  213910.5000000000 377.2421313308 188.6210656654 0 77667     199532.4101562499 568.7280456464 284.3640228232 0 77667     252830.1484374999 503.2560786970 251.6280393485 1040046876 77668     257840.9843750000 444.8585665194 222.4292832597 1040046876 77668     223362.5078124999 1271.3107914665 635.6553957332 1040046632 77668     224700.5859374999 524.1365930870 262.0682965435 1040046876 77668     225397.1406250001 567.6687996078 283.8343998039 1040046876 77668     228870.5898437500 701.4952293953 350.7476146976 1040046876 77668      
1073741824  225095.9570312499 851.5873399831 425.7936699915 0 77714     205382.3554687500 740.1784206946 370.0892103473 0 77714     258593.4257812500 232.2626786290 116.1313393145 1073596712 77715     266265.2812500000 1398.6923666727 699.3461833363 1073596712 77715     230692.5351562500 521.9874912093 260.9937456046 1073596373 77715     232903.9375000000 2704.8588813529 1352.4294406764 1073596712 77715     232982.5195312500 1222.5387493709 611.2693746854 1073596712 77715     234588.3515625001 976.6400867929 488.3200433964 1073596712 77715      

 