0.00  1805.3891602500 1.7719586232 0 59110     1688.6708985000 15.2976712062 0 59110     2197.6029055001 7.3832018196 9998640 59111     2254.6322632500 11.5475136650 9998640 59111     1932.0494080001 11.1529924930 9998643 59111     1929.5790100000 12.6564733039 9998640 59111     1922.3677065000 5.8602703695 9998640 59111     1977.0035402500 9.5725389686 9998640 59111      
0.02  1545.4264220000 11.5878338487 0 463     1403.3222352500 11.7192720726 0 463     1768.0979612500 13.9739051883 8691599 463     1832.5762330001 14.7762292976 8691626 463     1489.3442690001 15.1428516618 8691599 463     1490.4248045001 13.7495827290 8691599 463     1495.4192810000 18.3740361360 8691599 463     1539.0483705000 8.1079962620 8691599 463      
0.04  1511.7007140000 18.8635650197 0 469     1389.5535887499 16.5799018507 0 469     1432.2632750000 4.7183810946 7141680 469     1484.8269350000 8.7118726471 7141497 469     1143.5267335000 8.2976732731 7141680 469     1141.9473875001 6.5371524984 7141680 469     1146.4955445001 13.6049698286 7141680 469     1184.7097167501 6.7963485085 7141680 469      
0.06  1475.9636230000 12.6619834509 0 461     1413.2086487501 7.8840725865 0 461     1133.6802370001 15.4585222066 5151988 461     1192.1334227500 11.5428225072 5154899 461     850.9069060000 8.8994494120 5151988 461     841.7511445000 6.2428144633 5151988 461     870.8887330000 50.0460070111 5151988 461     871.0602417500 7.8637905438 5151988 461      
0.08  1445.8102722500 9.7383671289 0 491     1400.9767152501 3.1916648560 0 491     536.9514467500 1.1805595347 1811338 491     595.3963015001 2.7631612467 1811338 491     286.9369737500 2.5128228730 1811338 491     291.5898590000 5.8062693099 1811338 491     290.0673065000 8.5825731339 1811338 491     275.5992965000 5.6909225654 1811338 491      
0.10  1416.6371457500 13.2126096516 0 467     1417.5523072500 6.3724912618 0 467     304.4469832501 9.7680850583 283606 467     359.1958925001 .2696187391 283549 467     67.3904417501 2.4618604243 283606 467     68.3956832500 2.7589806777 283606 467     69.2786600001 2.3064064628 283606 467     57.8471527500 8.7468765163 283606 467      
0.12  1341.7274169999 7.3428273283 0 504     1388.6329650000 5.6098681804 0 504     296.8336409999 .4731918559 288106 504     357.6031265000 .8860803219 288192 504     67.5757845001 2.0076989023 288106 504     67.8666457500 1.4102855227 288106 504     69.6258162500 2.8964507516 288106 504     54.1634275000 1.7279418207 288106 504      
0.14  1290.0362547500 9.6173379662 0 486     1393.5594177500 13.0821425706 0 486     296.4891510001 .5825019036 293425 486     356.6181260001 .6181194869 293490 486     71.1101225000 5.0382041314 293425 486     67.8353135000 2.5073370755 293425 486     68.8208675000 2.7861699974 293425 486     53.2622967500 2.2675956010 293425 486      
0.16  1233.4443055001 11.8111257783 0 479     1396.3594362500 14.6887128083 0 479     297.4581147500 .6285380222 298883 479     361.0732575000 10.3658489621 298854 479     70.1342410000 2.5468121387 298883 479     69.1027087500 2.0848629911 298883 479     73.3754845000 4.1484396071 298883 479     54.2526142501 1.4546713992 298883 479      
0.18  1199.9103697500 9.1408574109 0 488     1399.5392457499 14.3917470164 0 488     296.7580185000 .4951971206 303782 488     354.9212190000 1.0249034030 303782 488     70.2586610000 1.2440806354 303782 488     69.8326912501 3.7855916600 303782 488     72.8404235000 1.6189880546 303782 488     55.1027385001 2.4016803890 303782 488      
0.20  1134.5407102501 11.9840787303 0 484     1413.8040162500 13.0745564771 0 484     295.1443940000 1.1260976767 308844 484     354.6654892501 .7279308065 308859 484     71.6314410001 1.7776720621 308844 484     70.9501250000 3.1839973976 308844 484     73.5269757499 2.3301638181 308844 484     61.1493377501 11.8858951217 308844 484      
0.22  1113.1394960000 8.2052446868 0 493     1405.9854430000 8.6954368581 0 493     293.3240967501 .5983887759 314377 493     353.2457577500 1.1056602332 314390 493     77.7028999999 9.3859657245 314377 493     70.2916372501 3.4753127563 314377 493     75.4148007500 2.0071634435 314377 493     61.6740377500 13.2517643608 314377 493      
0.24  1065.8349915000 9.4304019671 0 485     1416.3106080001 11.6856280338 0 485     291.7047347501 .9281589520 318766 485     352.1053087500 .5360783890 318766 485     74.1128157500 2.4792286872 318766 485     71.7023982500 2.4843211714 318766 485     73.6744497501 2.4160662004 318766 485     56.8831377500 1.9028792321 318766 485      
0.26  1005.3136140000 4.2477316090 0 482     1401.2617185000 3.3553123751 0 482     297.3715515001 10.3171407240 324527 482     350.1803437500 .5847343920 324527 482     73.9913137499 3.5475801946 324527 482     71.5324135000 1.6446297595 324527 482     77.1806007501 2.2484208851 324527 482     57.4522722500 2.9545930989 324527 482      
0.28  981.6654970000 10.5395637873 0 505     1395.9989930000 10.3509048077 0 505     290.1507034999 .7531615993 330613 505     349.9442137501 .9552631994 330433 505     73.6125660000 2.3622230147 330613 505     73.9187372500 3.6560194194 330613 505     77.5186902500 3.8615131533 330613 505     59.2782420000 3.0365214299 330613 505      
0.30  915.1522522500 9.9048395137 0 501     1400.7542115001 6.2016998440 0 501     289.1422805001 1.9949963109 333925 501     347.3525240000 .7051303444 333925 501     73.3973962499 2.5217089009 333925 501     72.3749675001 1.7747088177 333925 501     83.0938415000 12.3714798678 333925 501     65.2616042500 13.0238122602 333925 501      
0.32  836.3959350000 11.1782360756 0 506     1392.4613037499 11.4685490409 0 506     286.9511030001 1.0185167669 339713 506     348.2021864999 .3781073089 339707 506     79.9754697499 2.6751609057 339713 506     75.7135395000 3.0876689061 339713 506     77.5281070001 3.1614819521 339713 506     60.0928145000 1.7804931736 339713 506      
0.34  831.4095765000 11.5736982669 0 516     1398.2843935000 5.8955251659 0 516     288.7836687500 .4262593683 345440 516     345.7379912501 2.2653264774 345653 516     75.5008870000 1.9713778188 345440 516     78.2718217500 3.7924644381 345440 516     83.8617650001 7.2657440765 345440 516     60.2323945000 2.1044935773 345440 516      
0.36  737.2735140001 10.1334515668 0 502     1386.4102475001 12.6066477906 0 502     287.6285857499 1.1253064359 349365 502     345.0749970000 .8350121127 349365 502     77.7654722501 3.5854970199 349365 502     77.5365905000 2.7925561477 349365 502     79.6468712500 5.9513233739 349365 502     59.4729052500 1.9364825021 349365 502      
0.38  639.5214232500 3.6717951359 0 513     1390.9643555001 12.7208431847 0 513     291.4071502500 10.3535407728 355259 513     343.8502882500 .8902335790 355259 513     77.8257845000 2.7541597635 355259 513     76.6615045000 1.6670901340 355259 513     80.0759755001 2.5110021556 355259 513     61.6673735000 2.3101212438 355259 513      
0.40  590.4665222499 7.8306529361 0 525     1384.5567627499 14.6840002671 0 525     282.4362640000 2.1377495581 360786 525     340.9524535001 .4022115335 360858 525     80.3769357499 3.5128039475 360786 525     77.3193647501 1.8575577979 360786 525     80.8697357499 4.5417814219 360786 525     61.7492065000 2.0793319464 360786 525      
0.42  481.1793445000 4.8587102993 0 522     1394.3560485000 13.2403576744 0 522     283.1370775001 9.8826734485 364874 522     339.2149507499 .3145343114 364874 522     80.7646712500 3.3594481922 364874 522     78.8143292499 1.9002369925 364874 522     84.4600065001 8.0373654147 364874 522     61.6071122500 .8135269450 364874 522      
0.44  442.8258057499 8.0189214929 0 515     1385.0745547500 15.0773382614 0 515     279.6380689999 1.8146310812 371203 515     339.6650542500 1.7457501468 371203 515     82.5953809999 3.0290763160 371203 515     79.0110377501 3.2333850261 371203 515     82.9458085001 4.7115766268 371203 515     63.0690500000 2.5232776193 371203 515      
0.46  475.5293732500 14.5391465695 0 538     1379.0134582501 3.0248353909 0 538     279.8986662500 .9808214815 376487 538     340.7223202501 .5820777411 376526 538     81.9926775000 4.1464712572 376487 538     80.2543600000 2.3586324910 376487 538     82.6252727500 2.8299023865 376487 538     63.8440667501 1.9177715867 376487 538      
0.48  471.4929660001 12.8361647242 0 515     1395.0648805000 14.0446343395 0 515     282.7484742499 .6052968533 380509 515     345.1778945000 9.9178411208 380509 515     80.2082002499 3.0847365914 380509 515     81.2459032499 2.8328336983 380509 515     81.9887007500 4.3035642773 380509 515     65.5790100000 4.2187781914 380509 515      
0.50  449.2183915001 14.4986817243 0 511     1384.7745362500 17.7089641460 0 511     282.9519272500 .6178586344 386746 511     341.5444945001 .8812002973 386746 511     82.1511497500 2.2345156221 386746 511     80.3161677501 3.2403028039 386746 511     84.3732357500 3.3817561388 386746 511     72.4795437499 13.9166290845 386746 511      
0.52  474.9425582500 4.8541490242 0 562     1393.8660277501 10.5858173056 0 562     282.9580764999 1.2682437279 392033 562     344.4202042500 5.4378365550 392208 562     82.4471512500 3.7437393016 392033 562     80.8328880001 3.9008833697 392033 562     90.3101232500 12.4703641179 392033 562     65.8297442500 1.6876735847 392033 562      
0.54  465.9636690000 3.9978194918 0 517     1407.0987550000 7.3105115703 0 517     286.1831282500 6.4188058800 395718 517     342.7826232500 .5543366259 395718 517     83.2579442501 3.6977002923 395718 517     82.9592419999 2.1611398784 395718 517     88.2249280000 2.2819628824 395718 517     65.2607442500 .9133447538 395718 517      
0.56  479.8424680000 1.2102643375 0 520     1402.1173707500 13.9794813978 0 520     284.6117860000 1.8716846772 400998 520     343.3213042501 .5844649351 400998 520     85.4382057501 1.7384614133 400998 520     83.7196715000 6.2160294375 400998 520     87.1549167500 2.3822178087 400998 520     67.9955730001 1.1264694707 400998 520      
0.58  477.6122210001 1.0907129990 0 567     1387.7862547499 9.4573507171 0 567     286.8121110000 1.2211042451 407512 567     345.5487975001 .3446220827 407609 567     90.0882567501 3.3630227018 407512 567     85.9097957500 1.4581989041 407512 567     85.0774115000 .4955558801 407512 567     68.5310687499 .7375550322 407512 567      
0.60  484.8902665001 1.9939082655 0 525     1372.4789122499 5.5385185408 0 525     287.0079042500 .5837801497 411294 525     345.8912657499 .3331113264 411294 525     88.0636047500 1.4393215028 411294 525     84.8775577500 1.5052189834 411294 525     87.6145250001 3.7798900332 411294 525     69.6123217500 1.8299362038 411294 525      
0.62  489.2763670000 3.1749149965 0 532     1389.4624632500 14.8404995936 0 532     286.8776475001 1.0377449669 417720 532     346.6561965001 1.4696122641 417720 532     86.9030532501 4.2455181664 417720 532     86.8456742501 2.3142369866 417720 532     88.6812305001 3.0509561689 417720 532     73.7970255001 4.6710706193 417720 532      
0.64  494.6109925000 3.4652776835 0 558     1385.1345517501 7.0815735894 0 558     293.6409605000 10.3112947615 422683 558     347.4394684999 .9777192401 422777 558     88.6342637500 3.6072723115 422683 558     87.6040022500 3.4250754800 422683 558     92.9039460000 8.4039004815 422683 558     70.6929055001 1.1100590289 422683 558      
0.66  493.2371367500 5.3138785332 0 536     1399.8211670000 10.6089168387 0 536     289.2664335001 1.1598142115 426739 536     349.3881759999 .8453487353 426739 536     88.9874952501 5.4718595554 426739 536     92.5297605000 6.8513259635 426739 536     91.8252222500 4.2856806512 426739 536     71.4725859999 2.6849532755 426739 536      
0.68  522.8391420000 2.4419149555 0 537     1401.8435972500 12.4143762207 0 537     290.1555177501 1.2630714119 431990 537     349.7900542500 .6725181692 431990 537     90.7855717501 7.6490623998 431990 537     87.7788257500 2.9084833938 431990 537     94.2821180001 12.8879986069 431990 537     72.2156067500 3.4720460291 431990 537      
0.70  501.3779907500 1.7654464076 0 569     1405.3166810000 10.4433608796 0 569     288.8428115001 2.0014153704 437935 569     350.3869935001 1.6777135253 438063 569     90.2852212500 4.3071058955 437935 569     87.2861902500 4.3874776108 437935 569     92.6876490001 3.4192812658 437935 569     77.9343930001 7.5591888559 437935 569      
 
