33554432  3700.5676269999 22.2689003431 7.0420446073 0 44     5008.8657224999 18.2484466577 5.7706655199 0 44     639.7656677999 .9496505849 .3003058829 7120 44     713.3706360001 8.5315282792 2.6979061284 7120 44     90.7909136002 2.9385827794 .9292614676 7120 44     90.9725241001 5.4301991773 1.7171797549 7120 44     91.6282571001 4.3275610465 1.3684949620 7120 44     45.8739554001 .9049156748 .2861594622 7120 44      
67108864  8048.4179197999 17.3570928712 5.4887947033 0 41     10507.5789062000 32.0986415112 10.1504816974 0 41     1225.3666872001 10.7568792321 3.4016238889 7461 40     1360.8584353001 9.3745087424 2.9644799571 9019 40     184.8028503002 3.8669720076 1.2228439192 7461 40     183.8329193001 7.4816605979 2.3659088170 7461 40     179.8897385001 9.3165547746 2.9461533034 7461 40     93.9828659002 8.6682351865 2.7411366483 7461 40      
100663296  13697.9310548999 21.6034046949 6.8315964051 0 38     16096.8122071001 34.4098341828 10.8813449928 0 38     1945.1441040000 11.8642020861 3.7517901213 8099 37     2166.4452637000 8.6433161587 2.7332565599 8099 37     281.1934479001 6.0953665503 1.9275241472 8099 37     268.3342589000 9.0823007354 2.8720756719 8099 37     268.4282868002 12.5518620857 3.9692473067 8099 37     142.3403671000 9.8204542649 3.1055003135 8099 37      
134217728  20761.1730468000 30.8995460159 9.7712944077 0 42     21924.5197265000 38.3788477723 12.1364572935 0 42     2452.3594482001 10.4829714293 3.3150066363 10212 41     2744.0389893001 10.4893169818 3.3170132762 10212 41     367.6918608999 3.3500679664 1.0593845090 10212 41     361.0286863998 6.6576528746 2.1053346954 10212 41     353.0277526000 3.0011193478 .9490372669 10212 41     180.8289459001 4.1363809527 1.3080385080 10212 41      
167772160  27333.7595703001 41.9504621148 13.2659009182 0 40     27844.3589844000 67.1639942416 21.2391198562 0 40     3261.7220703001 16.0529436821 5.0763865186 12730 40     3635.5019779001 14.6987983061 4.6481681515 12730 40     461.8090546000 3.3708314245 1.0659504910 12730 40     450.5725923002 5.6803038091 1.7962697838 12730 40     442.2126709001 7.7816987088 2.4607891985 12730 40     221.2241914000 3.7523077749 1.1865839050 12730 40      
201326592  32670.7607422002 44.1824343503 13.9717125120 0 44     33240.2019531000 73.2627949914 23.1677299927 0 44     3730.6639649999 14.1003217235 4.4589132388 15273 44     4132.2604001999 11.9537220564 3.7800988215 15273 44     555.1392029000 4.3342626278 1.3706141881 15273 44     539.1019838002 6.0223671076 1.9044396966 15273 44     526.3255983000 7.4844648859 2.3667956107 15273 44     267.7971284000 3.4527891762 1.0918678077 15273 44      
234881024  39358.6535156000 85.0808818633 26.9049372029 0 40     39555.1085937000 85.9664361473 27.1849740558 0 40     4586.1890136001 13.4347297646 4.2484345805 17871 40     5094.9519043001 15.5089398660 4.9043574072 17871 40     644.7053833001 4.6829653170 1.4808836605 17871 40     630.7205383000 8.4741664555 2.6797667271 17871 40     611.6798645000 7.2049208080 2.2783960114 17871 40     312.8364928998 4.1960366186 1.3269032860 17871 40      
268435456  45944.6468750000 38.7994747154 12.2694712121 0 35     45201.1792967999 136.2869668177 43.0977230549 0 35     4899.5904785000 39.4742553381 12.4828555810 20493 35     5416.0960449000 7.9219162848 2.5051298893 20493 35     704.9921020999 8.7764064702 2.7753434117 20493 35     694.5981749999 15.6571756385 4.9512336744 20493 35     671.6907654001 9.9548258414 3.1479923369 20493 35     342.2892607000 6.7791408525 2.1437525673 20493 35      
301989888  52598.0406250001 124.4464421961 39.3534204052 0 38     51115.2968750001 132.8647237921 42.0155147881 0 38     5816.9508300000 23.6341298084 7.4737680712 20757 38     6487.7191893999 23.4754626265 7.4235931027 20757 38     798.8841370000 10.5669804615 3.3415726249 20757 38     785.3296996998 9.7872759751 3.0950084170 20757 38     769.2340148999 17.3682413188 5.4923201520 20757 38     383.0202577000 5.3768768885 1.7003177666 20757 38      
335544320  59221.7468748000 113.3080244354 35.8311434397 0 39     57398.0972655000 136.8871653300 43.2875224896 0 39     6221.8611329002 7.9502024859 2.5140747715 23023 39     6897.7789552000 51.5967457419 16.3163236400 23023 39     924.0262083999 8.6812021266 2.7452371548 23023 39     897.0764342001 7.3066907287 2.3105784861 23023 39     879.8321289999 13.2956180366 4.2044435896 23023 39     442.4810789999 3.9608047869 1.2525164494 23023 39      
369098752  66601.9953123001 116.5452218015 36.8548351310 0 40     62478.4050781001 111.3392516775 35.2085628287 0 40     7165.2278809001 19.5130855646 6.1705794563 25316 40     7981.3379882000 17.4642903326 5.5226935170 25316 40     984.0463075001 11.8231877367 3.7388202452 25316 40     956.8468995000 7.3994056386 2.3398975149 25316 40     935.6501282000 12.5651225500 3.9734406338 25316 40     468.1854158001 9.0730269096 2.8691430306 25316 40      
402653184  73573.8273437000 169.8697604948 53.7175348762 0 40     69697.5562499000 176.9094283786 55.9436733246 0 40     7465.5817383002 10.3537480748 3.2741426236 27580 40     8286.4745116001 55.2012909679 17.4561809244 27580 40     1088.2712035999 15.5367449056 4.9131501327 27580 40     1066.2374877999 15.4487712569 4.8853304223 27580 40     1034.5351500000 13.6978468280 4.3316395017 27580 40     512.7872009001 16.8351341861 5.3237368743 27580 40      
436207616  79697.0656250998 220.0858951718 69.5972709634 0 39     76307.6484375001 132.3053754022 41.8386332963 0 39     8515.3314453002 20.0296596332 6.3339345200 29925 39     9478.4780272999 14.1575130495 4.4769987240 29925 39     1192.3446654000 10.8348994086 3.4262960350 29925 39     1168.1336913000 11.8628166314 3.7513520020 29925 39     1156.2146117999 37.7702675129 11.9440073177 29925 39     593.1276915001 23.5041482129 7.4326642816 29925 39      
469762048  85837.6773438999 219.5286087326 69.4210415177 0 37     81666.2703124000 157.3022488952 49.7433387586 0 37     8689.6185546002 14.9262386840 4.7200911141 32119 39     9600.3424804001 25.8481217386 8.1738937933 32119 39     1252.5572387999 7.7185787792 2.4408289242 32119 39     1219.0056028999 6.8793232083 2.1754330099 32119 39     1197.7453735001 16.5843467414 5.2444309209 32119 39     591.1392214001 10.5716818889 3.3430593468 32119 39      
503316480  92659.9968749000 221.7972191764 70.1384391304 0 37     89460.3671875001 129.1606487213 40.8441834033 0 37     9843.1329103000 27.9525685655 8.8393783120 34457 39     10925.0374998999 24.3603576202 7.7034214697 34457 39     1362.3468629000 21.4212232003 6.7739855581 34457 39     1322.1886595999 15.1635597029 4.7951386098 34457 39     1290.5030029001 11.7715036837 3.7224763126 34457 39     645.8784057002 16.8221498615 5.3196308704 34457 39      
536870912  99083.5460938000 276.1901294394 87.3389876304 0 38     95320.4898436999 249.9290064422 79.0344913717 0 38     9944.9521485000 65.8450906735 20.8220459273 36728 40     11078.9119139997 81.4998842517 25.7725263281 36728 40     1430.5276123001 20.2237842074 6.3953221004 36728 40     1426.6261353001 14.0738733411 4.4505495259 36728 40     1376.7382934999 31.3513716607 9.9141742220 36728 40     702.5143555998 16.3445986217 5.1686159086 36728 40      
570425344  109216.0742186000 369.3777715884 116.8075075282 0 38     101484.0218749999 189.1598138725 59.8175853623 0 38     11090.4386718000 87.8072195368 27.7670808748 38995 40     12379.7953125998 69.5601427079 21.9968485328 38995 40     1547.1093870998 21.7645721893 6.8825620418 38995 40     1510.3493776001 9.9822511832 3.1566649915 38995 40     1469.5868165000 19.0646647936 6.0287763576 38995 40     771.3640870002 40.8587934755 12.9206849831 38995 40      
603979776  115799.6210937999 326.2155933297 103.1584283207 0 35     106991.0945313000 135.3407609423 42.7985064847 0 35     11134.5067382999 28.5805563744 9.0379654939 41300 36     12383.0731445000 15.6206305662 4.9396771078 41300 36     1607.2444702001 7.4082531274 2.3426953366 41300 36     1571.3788452002 8.6750350782 2.7432869629 41300 36     1537.2741456001 10.3965272485 3.2876705861 41300 36     756.1571779001 14.7219587980 4.6554921421 41300 36      
637534208  123357.3968751999 375.5154176568 118.7484016330 0 35     114724.9421875000 142.4963599511 45.0613055738 0 35     12378.5294921999 59.1124415950 18.6929953497 43613 36     13814.4316405001 19.5047709799 6.1679501537 43613 36     1703.6320923001 10.7257955095 3.3917943527 43613 36     1660.2569700000 12.0440056031 3.8086489858 43613 36     1625.1423095001 18.9826644893 6.0028455846 43613 36     797.6972228999 4.2364361257 1.3396787319 43613 36      
671088640  129978.4210938000 271.2501506365 85.7768291693 0 35     120209.2585938998 341.1109197790 107.8687441279 0 35     12396.8943361000 45.2094837029 14.2964940344 28960 36     13708.9671876999 68.9016703554 21.7886212917 28960 36     1804.8782103002 18.1384666489 5.7358867874 28960 36     1763.1149658000 22.7529709788 7.1951211830 28960 36     1705.1724976001 9.9226515772 3.1378179412 28960 36     836.8446166001 7.1951532923 2.2753072518 28960 36      
704643072  136569.8640625001 355.6548388863 112.4679351765 0 37     127709.3539063000 300.6068792800 95.0602418860 0 37     13754.1032227000 48.8833295197 15.4582660898 30495 38     15299.5317383001 20.5806154168 6.5081620366 30495 38     1907.3955199999 19.6207115531 6.2046137822 30495 38     1850.8829467000 16.6391239743 5.2617530029 30495 38     1807.1254760001 27.3505027234 8.6489883758 30495 38     922.8978576999 32.5303095540 10.2869871183 30495 38      
738197504  142583.3656250000 389.2349901547 123.0869113948 0 36     134351.9625000000 418.8746890308 132.4598071560 0 36     13671.1429689002 23.7915228402 7.5235401180 31876 37     15110.2172850000 23.9921417992 7.5869814032 31876 37     1972.5591307998 8.1113620330 2.5650378951 31876 37     1928.7159301002 19.0456939007 6.0227772345 31876 37     1884.8432007001 10.7431087677 3.3972692857 31876 37     935.6096129001 29.0275344484 9.1793123717 31876 37      
771751936  150451.7234375002 304.6141259630 96.3274445525 0 37     140467.1203124999 223.9586666724 70.8219488434 0 37     15048.4459961001 14.0834612911 4.4535815019 33342 38     16779.4595703001 15.2431622456 4.8203111440 37453 38     2067.6490478999 13.7310811271 4.3421491099 33342 38     2021.0670045000 17.2035256227 5.4402324753 33342 38     1971.5568481002 17.8315755289 5.6388392941 33342 38     964.8272705000 9.0800803053 2.8713735102 33342 38      
805306368  157174.8218749999 214.3572605887 67.7857176469 0 38     146138.3656250001 244.7630760342 77.4008807393 0 38     14906.9584962000 41.4853733741 13.1188269447 34808 39     16514.0183593001 52.6764765184 16.6577644914 39106 39     2168.8449461999 12.6368902758 3.9961355814 34808 39     2102.3772951000 12.1210537043 3.8330137347 34808 39     2051.8523558998 15.9596870410 5.0468961794 34808 39     1004.4978273001 7.7194554337 2.4411061467 34808 39      
838860800  164236.0718750000 209.8436321305 66.3583830029 0 39     153104.5953125002 305.2121353441 96.5165517231 0 39     16329.3025392002 90.5234359589 28.6260239260 36173 40     18121.4945312000 102.5740820157 32.4367728077 40671 40     2261.8110106999 27.7000262441 8.7595174179 36173 40     2197.7076415000 17.1469735631 5.4223491439 36173 40     2135.9091552000 44.5951694669 14.1022308159 36173 40     1049.0535278000 11.7373234971 3.7116675885 36173 40      
872415232  171148.7531250000 623.8686462479 197.2845882951 0 39     160022.6859375001 185.2768138375 58.5896729358 0 39     16009.5015622999 91.1009757776 28.8086580527 37578 40     17914.2345701999 10.5544889875 3.3376224740 42245 40     2295.3966065001 2.8289353380 .8945879021 37578 40     2245.2856934000 11.3483137722 3.5886519123 37578 40     2178.1695556000 9.1497925742 2.8934184653 37578 40     1100.2044068001 14.7654630506 4.6692493947 37578 40      
905969664  177487.0750000000 340.9710414807 107.8245107262 0 39     165739.0468750000 234.5528220101 74.1721149188 0 39     17708.4322264999 47.6771735864 15.0768460935 38997 40     19675.2126952000 94.1720499563 29.7798169795 43814 40     2431.9002440998 18.5094697855 5.8532082805 38997 40     2366.4312011001 40.3558965738 12.7616550194 38997 40     2310.0684326000 24.2706087567 7.6750403871 38997 40     1201.1620604998 24.9619613253 7.8936652654 38997 40      
939524096  186890.3906250001 188.4849270056 59.6041673961 0 38     173885.9781250000 338.9963036379 107.2000437896 0 38     17440.3914060999 48.0310315118 15.1887457947 40411 40     19299.8593750000 59.5594651023 18.8343565948 45421 40     2501.2828610999 24.7170149865 7.8162064319 40411 40     2440.5886474998 12.9227878249 4.0865443246 40411 40     2381.3248777999 8.1048512237 2.5629789964 40411 40     1225.9064697000 32.9402239862 10.4166134434 40411 40      
973078528  194700.3781249999 366.4894405382 115.8941370526 0 38     178762.7921875001 192.3335960981 60.8212234254 0 38     18958.6566408000 27.9023076144 8.8234844038 41754 40     21113.9259766000 29.5116541764 9.3324044718 46974 40     2591.2104736001 3.5097585052 1.1098830913 41754 40     2532.6290039999 5.7103057404 1.8057572275 41754 40     2598.3468505002 377.8596938962 119.4897268711 41754 40     1258.2052613000 46.5383378676 14.7167146183 41754 40      
1006632960  201621.8796875000 406.1908565421 128.4488271435 0 38     187884.2484375001 292.7580521469 92.5782248158 0 38     18678.7925781000 66.4367075713 21.0091316172 43295 40     20692.0550782002 71.7726152200 22.6964937726 48716 40     2693.5870604002 14.3825547677 4.5481631639 43295 40     2624.6085936998 17.7225314810 5.6043565385 43295 40     2562.3136961000 14.5334810490 4.5958902446 43295 40     1251.3283446000 8.2074181588 2.5954135091 43295 40      
1040187392  208294.6500000000 512.7960981003 162.1603645279 0 38     191868.6703125001 321.6272717175 101.7074736275 0 38     20239.7279295002 29.8729330383 9.4466508792 44757 40     22509.9943360001 24.1283731444 7.6300615372 50375 40     2812.8890625001 12.2997053936 3.8895083593 44757 40     2738.6510255001 12.8829760276 4.0739547289 44757 40     2649.8864502001 10.0003158621 3.1623775446 44757 40     1305.3595458000 8.7614626482 2.7706177603 44757 40      
1073741824  215214.5062500000 520.9966095739 164.7535939514 0 38     199408.1953124999 402.1872791246 127.1827848007 0 38     19837.9916015999 74.3433857528 23.5094427952 46211 40     21729.2656251001 110.0768882529 34.8093684630 51962 40     3557.3583252997 231.9076021329 73.3356229463 46211 40     3709.8729734998 100.6269765151 31.8210439850 46211 40     3703.6379638001 66.8536071664 21.1409668448 46211 40     1624.7803711998 14.8451642692 4.6944531331 46211 40      
 
