33554432  1029.9572021001 4.4709676310 1.4138441059 33549904 0     1218.1905640001 5.8962905099 1.8645707757 33549904 0     106.1268234001 .9632163349 .3045957497 33549915 0     97.2159547000 2.7426458260 .8673007625 33549904 0     101.8993721001 7.5380704785 2.3837471875 33549904 0     267.0699007001 4.4600624059 1.4103955709 33549904 0      
67108864  1961.5645750999 8.4039527658 2.6575632088 67099722 0     2376.2409181000 8.3523293027 2.6412384364 67099722 0     190.9329268999 2.1767577821 .6883512506 67099723 0     191.4909958003 7.3649283982 2.3289948542 67099722 0     188.0364593001 6.4731328632 2.0469843445 67099722 0     488.5138764001 1.7187396079 .5435131865 67099722 0      
100663296  3106.6596680000 7.5238218622 2.3792413794 100649589 0     3680.9901122999 4.8666757654 1.5389780052 100649589 0     291.4115478001 9.6755103659 3.0596650281 100649575 0     275.8622131000 4.0536132581 1.2818650649 100649589 0     275.9721923999 1.3100469470 .4142732194 100649589 0     756.2792906997 18.1825792485 5.7498364163 100649589 0      
134217728  3944.0632080999 7.6088807397 2.4061393582 134199559 0     4779.9100098001 16.5508179290 5.2338281795 134199559 0     404.7311432002 9.8553294835 3.1165288259 134199558 0     394.5273255000 11.1028689477 3.5110354437 134199559 0     389.3261107000 9.7483247457 3.0826909568 134199559 0     1105.1206056000 92.9506229892 29.3935678583 134199559 0      
167772160  5199.7357421999 15.4560995070 4.8876478185 167749431 0     6187.8191406000 25.3556810022 8.0181703593 167749431 0     501.7810728001 61.1585382432 19.3400279219 167749436 0     438.0801543000 2.5476900717 .8056503398 167749431 0     437.8187286003 16.8712341895 5.3351526978 167749431 0     1483.6455078999 115.3438693290 36.4749341224 167749431 0      
201326592  5942.0806640001 23.4511099808 7.4158921200 201299358 0     7181.6003908001 25.1921534502 7.9664584068 201299358 0     552.2695068002 18.7084441244 5.9161294912 201299386 0     523.3358642002 3.8850325618 1.2285551679 201299358 0     516.4421235003 20.5188840045 6.4886408500 201299358 0     1867.7223754998 104.2064150232 32.9529618281 201299358 0      
234881024  7282.5450683000 22.3970644273 7.0825736493 234849338 0     8676.3332031002 180.2442843702 56.9982473849 234849338 0     647.7522278001 5.7912739883 1.8313616357 234849314 0     685.4113892000 34.5770019646 10.9342080870 234849338 0     678.6799987999 39.1660437521 12.3853905197 234849338 0     2112.0252198000 272.0482636188 86.0292146547 234849338 0      
268435456  7944.8353027001 19.5887769986 6.1945151894 268399079 0     9591.7156251002 38.1855881541 12.0753432362 268399079 0     753.3518798998 30.8968226896 9.7704332163 268399103 0     813.8271361999 31.2347043017 9.8772807637 268399079 0     806.4284301999 60.8072473605 19.2289399908 268399079 0     2560.2834228999 92.7208459475 29.3209059778 268399079 0      
301989888  9402.2942380999 18.0162626173 5.6972424795 301949011 0     11094.5209960000 22.3591761811 7.0705923338 301949011 0     949.7386841998 107.0645788103 33.8567925774 301948956 0     979.7468993997 71.9285471511 22.7458037789 301949011 0     933.9813842998 62.8979387709 19.8900746650 301949011 0     2873.6491211998 181.6617200340 57.4464798983 301949011 0      
335544320  9964.4564454000 42.7636756588 13.5230616205 335498927 0     12007.1551754998 22.3956375987 7.0821224465 335498927 0     1050.6081847001 97.1774100088 30.7301952750 335498898 0     1026.8676391999 90.2656816771 28.5445148653 335498927 0     1073.9328671998 55.9861057995 17.7043611653 335498927 0     3203.7499267000 119.0783926863 37.6558941008 335498927 0      
369098752  11492.3191407002 40.8985445985 12.9332553920 369048816 0     13639.4589843002 51.2813355787 16.2165821887 369048816 0     1217.4024535999 80.6236683917 25.4954425441 369048670 0     1212.1306398000 38.7469304933 12.2528552701 369048816 0     1197.9337523999 67.7591439989 21.4273227344 369048816 0     3598.5907226000 118.9374264028 37.6113166479 369048816 0      
402653184  11983.3002930000 82.5064305952 26.0908242297 402598744 0     14405.1769531001 51.3128614677 16.2265515502 402598744 0     1339.2737182999 90.8263612533 28.7218173151 402598664 0     1313.3614258999 102.8799265914 32.5334893546 402598744 0     1319.8612059998 72.1506460604 22.8160376208 402598744 0     3937.9991210001 112.6595494872 35.6260776555 402598744 0      
436207616  13626.8598632001 85.3995979558 27.0057240808 436148702 0     16108.2913086001 79.6350087208 25.1828009050 436148702 0     1453.6966430999 82.6349648632 26.1314703341 436148659 0     1436.7805908001 110.5601745946 34.9621970232 436148702 0     1416.5313110001 111.0405802507 35.1141146306 436148702 0     4369.2113280001 325.5533838562 102.9490192982 436148702 0      
469762048  13986.2100587000 70.8372171893 22.4006949431 469698585 0     16861.4882813001 46.8656711381 14.8202264872 469698585 0     1512.5103516998 102.4938893199 32.4114136507 469698498 0     1512.9850830999 94.6572378510 29.9332468635 469698585 0     1496.7879637999 66.0903846856 20.8996147047 469698585 0     4582.7683593999 127.0450857886 40.1751836632 469698585 0      
503316480  15686.4609377000 34.5965807198 10.9403994330 503248437 0     18727.0931640000 84.3642469019 26.6783173300 503248437 0     1574.2094849001 167.6459936512 53.0143180551 503248470 0     1554.6276245000 129.4153340655 40.9247219807 503248437 0     1534.4964355998 135.2158329459 42.7590007835 503248437 0     4865.2544432999 173.1144259926 54.7435881981 503248437 0      
536870912  15995.8561523000 68.1468350129 21.5499213977 536798404 0     19325.5269530999 58.6125842604 18.5349265815 536798404 0     1722.9323854999 131.0341470780 41.4366356032 536798356 0     1751.6016357001 116.7798234786 36.9290226952 536798404 0     1677.2626100000 186.4892073817 58.9730654378 536798404 0     5381.4162110001 47.6085348877 15.0551406311 536798404 0      
570425344  17858.1892579001 96.7556718593 30.5968299621 570348298 0     21194.2671875000 44.9503342161 14.2145437711 570348298 0     1609.6242553997 33.8241811223 10.6961452338 570348229 0     1579.9958739998 14.0682873552 4.4487830821 570348298 0     1545.5729857998 17.8078007971 5.6313210638 570348298 0     5417.6116211999 175.7478676316 55.5763555645 570348298 0      
603979776  18063.4033202000 59.8424103077 18.9238317250 603898243 0     21794.0810548001 41.2324114714 13.0388333673 603898243 0     1795.7068604000 92.5797482548 29.2762869696 603898145 0     1832.7674195000 166.8929229792 52.7761761988 603898243 0     1694.7438475999 33.9492391100 10.7356920419 603898243 0     5771.4673828000 124.8473286060 39.4801918190 603898243 0      
637534208  19992.5736326001 51.2749875447 16.2145747641 637448176 0     23750.6798827000 54.4290623956 17.2119808081 637448176 0     1906.9376465000 86.8416972739 27.4617559266 637448096 0     1894.0121460000 80.1247556316 25.3376724765 637448176 0     1834.4084594000 130.8494825061 41.3782395382 637448176 0     6136.7422850999 242.7143985955 76.7530320496 637448176 0      
671088640  20047.7357422001 119.1308166502 37.6724720138 670998130 0     24199.2906251001 70.0262094777 22.1442317862 670998130 0     1816.9647949001 29.6833284784 9.3866926528 670997912 0     1763.3652588002 16.6673430929 5.2706766718 670998130 0     1720.0655029001 33.6989056098 10.6565296384 670998130 0     6240.4151855000 255.6735244293 80.8510674616 670998130 0      
704643072  22173.4578125001 42.9060401685 13.5680812314 704548026 0     26336.2677734001 133.0294172777 42.0675954411 704548026 0     1883.4242310001 16.1303046889 5.1008502170 704547965 0     1854.2746948001 32.1172375927 10.1563622947 704548026 0     1813.6216309001 41.6970261591 13.1857574321 704548026 0     6563.7153321000 172.5397900467 54.5618723566 704548026 0      
738197504  22129.8505860000 95.7655913755 30.2837390226 738097831 0     26760.8259764999 54.1845832730 17.1346697213 738097831 0     2102.1595215000 72.5491804288 22.9420652538 738097808 0     2076.9140013999 67.6960931754 21.4073843133 738097831 0     2009.9478029000 69.2664561103 21.9039766761 738097831 0     6151.5913575001 386.7709649080 122.3077181956 738097831 0      
771751936  24145.9757812999 34.1171644136 10.7887946855 771647734 0     28649.5314453001 37.8794030622 11.9785190086 771647734 0     2139.2351074001 6.1516912411 1.9453355784 771647636 0     2084.8896484999 5.8875466439 1.8618057225 771647734 0     2038.2946289001 7.1038418129 2.2464320266 771647734 0     6226.6312989000 19.7289440753 6.2388399109 771647734 0      
805306368  24049.4115233000 34.5421738599 10.9231944733 805197441 0     29042.5166015999 43.7306007350 13.8288301773 805197441 0     2236.4724852000 6.5471755284 2.0703986911 805197263 0     2171.8485352002 14.0680447249 4.4487063556 805197441 0     2104.0535890002 6.6946331019 2.1170288701 805197441 0     7279.1341310002 77.5890320312 24.5358062671 805197441 0      
838860800  26320.3921875001 75.9622939099 24.0213865051 838747392 0     31258.8837889999 46.0653052727 14.5671285775 838747392 0     2404.8629396001 29.4419415848 9.3103594147 838747380 0     2255.4680908001 45.1423667942 14.2752698043 838747392 0     2149.0760986999 9.2697166316 2.9313417820 838747392 0     7812.4239259000 13.7050767417 4.3339258012 838747392 0      
872415232  26070.7156250001 29.9237059046 9.4627066693 872297487 0     31485.9623047002 66.4848585530 21.0243582946 872297487 0     2427.0288086000 16.3714905047 5.1771198687 872297303 0     2379.3249512000 12.5359178058 3.9642052827 872297487 0     2321.8392334000 10.7345356258 3.3945582202 872297487 0     6644.6317383001 41.5130582751 13.1275816791 872297487 0      
905969664  28395.3705080000 27.7295174821 8.7688433662 905847376 0     33776.1851563000 42.8384568753 13.5467095175 905847376 0     2528.6826660000 7.2870028987 2.3043526476 905847304 0     2469.8996338000 6.2182613654 1.9663869001 905847376 0     2364.7585694001 29.9475465521 9.4702457440 905847376 0     7321.7195312002 43.9386891438 13.8946335099 905847376 0      
939524096  28122.1816407000 59.3913487201 18.7811935268 939397196 0     34066.8859374998 88.7866858601 28.0768153221 939397196 0     2500.6284911997 12.3047353126 3.8910989594 939397209 0     2448.1991455999 12.2514146705 3.8742374918 939397196 0     2358.5413330001 42.7409642651 13.5158796472 939397196 0     8927.2356447000 43.8437168223 13.8646006248 939397196 0      
973078528  30610.9830079000 101.1893360614 31.9988776881 972947130 0     36339.8996093000 26.2997171409 8.3167007985 972947130 0     2605.5436035001 7.1443185805 2.2592319044 972947130 0     2583.5877929000 20.1562628454 6.3739699709 972947130 0     2527.5853269999 7.3540301567 2.3255485277 972947130 0     8268.1666990998 84.4720681652 26.7124134072 972947130 0      
1006632960  30274.9250001001 97.4233850055 30.8079793987 1006497014 0     36587.3781251002 92.1254918813 29.1326384914 1006497014 0     2781.1139159003 21.2514502135 6.7202986257 1006496701 0     2643.4401367002 56.8863244808 17.9890353078 1006497014 0     2568.5368652999 29.7493435734 9.4075684588 1006497014 0     7113.9894043002 385.9688416762 122.0540645580 1006497014 0      
1040187392  32592.9230468001 85.2001859597 26.9426644708 1040046876 0     38858.1160156000 140.3766855947 44.3910056874 1040046876 0     3069.0439697001 36.7778136981 11.6301658649 1040046827 0     3008.1493652002 46.0816681007 14.5723029581 1040046876 0     2900.1071289999 15.5747844442 4.9251792910 1040046876 0     7062.8101075002 114.1996850800 36.1131112934 1040046876 0      
1073741824  32272.6478515001 129.4575164343 40.9380612169 1073596712 0     38849.0628908001 149.3765804732 47.2370223392 1073596712 0     3021.8721681000 61.4165921951 19.4216317466 1073596462 0     3058.9100341000 41.9118859866 13.2537020753 1073596712 0     2889.6653807002 47.2708304130 14.9483490995 1073596712 0     7445.1142089998 190.5097781878 60.2444815619 1073596712 0      
 
